276262
	72,84
	86,110
	118,288
	292,379
276329
	147,558
276336
	4,15
	36,54
276416
	373,418
	445,508
276511
	185,476
276689
	198,214
	216,464
276778
	177,193
276790
	251,286
276952
	75,214
276954
	208,224
278880
	101,149
	152,211
	213,391
	404,509
	511,578
278912
	119,515
	518,530
278968
	40,128
	131,160
	163,167
279169
	292,1056
	1058,1082
279259
	425,526
279279
	291,393
	395,399
	404,453
	498,510
	515,570
279284
	427,882
279345
	99,487
	489,491
	496,499
	502,665
	667,734
279515
	483,487
279598
	605,767
	769,770
	772,906
	909,922
	924,1302
	1304,1307
279685
	238,585
	587,696
	698,706
	708,830
	832,851
	853,860
	878,1028
	1035,1048
279813
	336,369
	371,380
	382,459
	462,549
	562,640
	642,859
279867
	175,200
	202,228
	237,436
279928
	448,456
279932
	325,659
	661,732
279984
	276,434
	436,506
	508,829
280231
	143,569
	571,759
	841,995
	997,1005
280273
	493,506
280319
	100,148
	150,165
	167,680
	691,807
280368
	163,165
	167,225
280423
	293,313
	315,350
	352,369
	403,820
	828,838
280464
	409,835
280500
	116,191
280520
	166,167
	238,247
	251,251
	261,303
	308,321
	391,402
	461,493
	516,523
280614
	381,417
	419,508
	510,550
280673
	131,433
	437,648
	651,790
	792,989
	991,1198
280753
	394,402
	410,429
	431,435
	457,459
	468,574
	576,699
	702,738
	762,772
280853
	171,191
	205,245
280862
	77,167
	169,523
	526,649
	655,724
	726,735
	737,770
	772,945
	947,987
	991,996
	998,1045
	1047,1048
280950
	73,224
	226,319
	322,527
	529,1035
	1039,1039
280977
	317,465
	468,515
	518,524
	526,530
281070
	170,225
	227,238
	241,246
281074
	163,434
	436,450
281075
	240,246
281317
	116,142
	144,251
281385
	188,263
	266,279
	285,338
	341,345
	347,352
	354,395
	401,516
	518,590
	592,778
281411
	84,95
	97,139
	141,180
	182,189
	191,265
	267,269
	272,410
	412,459
	461,544
	546,551
	553,555
	557,604
	606,905
	908,928
282625
	37,177
282631
	102,145
	147,169
	171,281
282712
	330,474
	476,519
	521,639
	641,653
	659,668
	671,834
282784
	202,234
282992
	131,165
	167,245
	247,255
	258,330
	341,359
	361,373
	378,408
	410,500
	502,630
	632,640
	642,724
283074
	123,163
	167,213
	215,325
	334,417
283155
	145,290
283270
	11,75
283429
	154,209
	211,221
	224,244
	246,289
	292,708
	711,879
	881,1009
	1011,1090
	1092,1105
	1107,1216
	1221,1246
	1248,1383
	1385,1439
	1441,1455
283608
	8,104
	106,131
	133,135
	138,160
	162,179
283780
	282,285
	290,379
	381,505
	507,544
	546,732
	734,1039
	1042,1066
284006
	166,304
	311,347
284154
	103,243
284213
	43,164
	166,303
	306,433
	438,490
	492,776
	779,930
	932,962
	965,1033
284285
	223,420
	423,426
	428,440
	442,480
	482,485
	487,543
	549,624
	626,739
	741,779
	781,832
	836,920
	922,992
	994,1079
	1081,1230
	1232,1244
	1247,1284
	1286,1438
284420
	126,131
	133,165
	167,189
	191,230
	232,274
	277,277
	279,290
	292,348
	352,364
	367,377
284427
	128,201
	203,264
284484
	4,27
	33,86
	88,89
	91,95
	98,125
	127,149
	151,173
	179,280
	282,345
	347,370
	376,454
	459,462
	465,506
