276262
	72,84
	86,110
	118,288
	292,316
	318,378
276329
	147,194
	196,208
	212,494
	497,503
	507,558
276336
	4,15
	36,54
276416
	373,418
	445,507
276511
	185,450
	452,475
276689
	198,214
	216,463
276778
	177,193
276790
	251,285
276952
	75,214
276954
	208,224
278880
	101,149
	152,211
	213,391
	404,509
	511,578
278912
	119,515
	518,530
278968
	40,128
	131,160
	163,166
279169
	292,573
	588,588
	615,716
	721,909
	911,1056
	1058,1082
279259
	425,526
279279
	291,393
	395,399
	404,453
	498,510
	515,570
279284
	427,882
279345
	99,487
	489,491
	496,499
	502,665
	667,734
279515
	483,487
279598
	605,674
	677,767
	769,770
	772,906
	909,922
	924,1236
	1239,1302
	1304,1306
279685
	238,585
	587,696
	698,706
	708,830
	832,851
	853,860
	878,994
	997,1027
	1035,1048
279764
	39,59
	66,113
279813
	336,369
	371,380
	382,459
	462,549
	562,640
	642,859
279867
	175,200
	202,228
	237,435
279928
	448,455
279932
	325,490
	493,659
	661,732
279984
	276,316
	319,432
	436,497
	500,506
	508,829
280231
	143,569
	571,759
	841,995
	997,1005
280319
	100,148
	150,165
	167,680
	691,807
280368
	163,165
	167,189
	192,225
280423
	293,313
	315,350
	352,369
	403,804
	807,820
	828,838
280464
	409,500
	503,801
	804,815
	830,835
280500
	116,191
280520
	166,167
	238,247
	251,251
	261,303
	308,321
	391,402
	461,493
	516,523
280614
	381,417
	419,508
	510,550
280673
	131,141
	144,184
	187,225
	228,433
	438,648
	651,790
	792,987
	991,1198
280753
	394,402
	410,429
	432,435
	457,459
	468,555
	558,574
	576,593
	596,667
	670,684
	687,699
	702,738
	762,772
280853
	171,173
	176,191
	206,245
280862
	77,85
	88,167
	171,196
	199,361
	364,498
	501,523
	526,649
	655,705
	708,724
	726,735
	738,770
	772,945
	947,987
	991,996
	998,998
	1001,1045
	1047,1048
280950
	73,115
	118,192
	195,205
	208,224
	226,252
	255,259
	262,265
	268,313
	316,319
	322,326
	329,404
	407,480
	483,527
	529,841
	844,980
	1014,1035
	1039,1039
280977
	317,366
	369,441
	444,453
	456,464
	468,515
	518,524
	526,530
281070
	170,179
	182,205
	208,223
	227,238
	241,246
281074
	163,168
	171,197
	200,213
	216,332
	335,346
	349,349
	352,357
	360,370
	373,432
	436,450
281075
	240,243
	246,246
281317
	116,116
	119,142
	144,224
	227,234
	237,243
	246,251
281385
	375,395
	401,416
	419,516
	518,527
	530,590
	592,634
	637,647
	650,778
281411
	84,86
	89,93
	97,108
	111,114
	117,128
	130,139
	141,150
	156,156
	159,179
	182,188
	191,240
	243,265
	267,269
	272,326
	333,341
	362,364
	394,410
	412,459
	461,475
	478,544
	546,551
	553,555
	557,571
	574,574
	577,585
	588,588
	591,604
	606,624
	627,656
	659,732
	735,762
	765,769
	772,905
	908,928
282625
	37,43
	46,48
	52,177
282631
	102,113
	116,128
	131,142
	145,145
	147,155
	158,163
	166,169
	172,172
	175,197
	200,281
282712
	330,395
	398,440
	443,474
	476,519
	521,529
	532,543
	546,564
	567,570
	573,613
	616,639
	641,653
	659,662
	665,667
	671,788
	790,794
	798,801
	808,832
282784
	202,234
282992
	131,165
	167,245
	247,255
	258,330
	341,359
	361,373
	378,408
	410,480
	482,500
	502,630
	632,640
	642,723
283074
	123,163
	167,213
	215,325
	334,418
283155
	145,211
	214,290
283270
	11,75
283429
	154,209
	211,221
	224,244
	246,289
	292,708
	711,879
	881,1009
	1011,1090
	1092,1105
	1107,1121
	1123,1203
	1221,1246
	1248,1383
	1385,1439
	1441,1455
283608
	8,104
	106,131
	133,135
	138,160
	162,179
283780
	282,285
	290,379
	381,505
	507,544
	546,732
	734,1039
	1042,1066
284006
	166,304
	311,347
284154
	103,243
284213
	43,164
	166,297
	299,302
	306,433
	438,490
	492,776
	779,930
	932,962
	965,1033
284285
	223,337
	339,419
	423,426
	428,440
	442,480
	482,485
	487,543
	549,624
	626,739
	741,779
	781,832
	836,913
	915,920
	922,992
	994,1051
	1053,1079
	1081,1082
	1085,1230
	1232,1241
	1243,1244
	1247,1284
	1286,1438
284420
	126,131
	133,165
	167,180
	182,189
	191,230
	232,273
	277,277
	279,290
	292,348
	352,364
	367,377
284427
	128,201
	203,265
284484
	5,27
	34,86
	88,89
	91,95
	98,125
	127,149
	151,173
	179,280
	282,345
	347,370
	376,506
