297730
	109,220
	222,224
	226,304
	308,355
	357,504
	506,531
298595
	97,97
	99,99
	101,108
	110,111
	136,140
	143,149
	166,179
298609
	195,215
	222,349
	351,468
298633
	155,183
	186,325
	327,385
	387,798
298687
	143,336
	338,360
	362,389
	391,440
	442,459
	462,600
298690
	117,141
298771
	212,269
	271,365
298773
	136,206
	208,286
298862
	41,65
	68,70
	74,104
	107,107
	109,401
	403,480
	491,503
	512,541
298967
	142,279
	281,380
	382,703
299055
	183,491
	493,494
	496,655
299144
	263,624
299147
	152,210
	212,231
	290,313
	315,336
	338,338
	341,408
	410,431
	433,464
299184
	161,207
	209,222
	224,322
	324,327
	329,332
	334,440
	442,445
	447,572
	574,600
	602,653
	655,695
	697,727
	730,753
	755,771
	773,774
	776,872
299243
	66,120
299584
	293,320
	322,356
	358,467
	469,469
	471,601
	603,626
	628,631
	637,702
	705,720
	722,858
	860,997
	1002,1016
	1018,1181
	1183,1290
	1292,1308
	1310,1408
	1411,1411
	1413,1468
	1471,1525
	1527,1679
	1682,1709
	1712,1913
	1915,1938
	1940,2067
	2069,2301
300279
	300,304
	311,311
	338,349
	351,376
	378,379
	381,392
300345
	240,243
	245,252
	255,255
	257,261
	263,272
	274,274
300415
	131,153
	155,160
	162,163
	165,168
	172,173
	175,175
	177,177
	181,185
	192,202
	214,214
	216,221
	223,231
	233,271
	273,306
	308,340
	342,360
	362,374
	377,377
	379,400
	402,430
	432,460
	464,477
	479,481
	483,527
	529,531
	533,533
	535,537
	539,546
	548,551
	553,555
	557,560
	562,586
	589,606
	608,621
	624,628
	630,636
300418
	281,286
	288,289
	291,307
	309,310
300487
	193,195
	206,207
	226,233
	239,242
	244,244
	246,249
	262,271
	273,273
	286,298
	303,306
	308,316
	318,335
	338,525
	527,630
	632,650
	652,757
300540
	235,328
	343,343
	345,345
	349,349
	351,351
	353,354
	356,356
	358,360
	367,368
	370,396
	400,412
	414,438
	440,461
	463,467
	469,471
	474,499
	501,616
	618,620
	622,734
	736,773
	782,787
	789,809
	811,982
300571
	113,159
	161,180
	182,182
	185,213
	215,248
	250,250
	254,291
	293,299
	301,313
	315,347
	350,380
	383,399
	402,407
	409,535
	537,556
	558,559
	562,604
	606,609
	611,619
300600
	700,709
	711,735
	739,742
	744,822
	824,829
	832,865
300655
	110,131
	134,145
	177,195
	197,211
	213,286
	288,364
	370,477
	479,522
	525,605
	610,644
	646,695
	699,737
	739,749
	751,793
	796,836
300687
	83,83
	85,86
	95,95
	104,104
	106,115
	117,134
	136,154
	156,218
	220,275
	279,336
	342,356
	358,419
	423,491
	494,539
	541,566
	569,730
	732,769
	772,873
	875,1014
	1017,1039
	1041,1132
	1134,1148
	1150,1199
300784
	109,128
	130,131
300800
	95,113
	117,117
	130,131
	135,232
	234,247
	253,314
	316,317
	319,324
	327,332
	334,350
	352,357
	359,474
	476,678
	680,690
	692,706
	708,713
	749,749
	751,754
	756,762
	764,968
300863
	88,115
	117,118
	120,127
	129,131
	133,133
	137,137
	140,142
	151,159
	165,203
	206,208
	210,212
	216,220
	222,224
	226,226
	229,255
	257,271
	273,321
	323,323
	325,341
	343,371
	374,516
	518,578
	580,705
	710,861
	863,888
	893,902
	904,1181
300908
	226,267
	272,375
	377,383
	385,394
	396,465
	468,493
	496,574
	576,830
	832,884
301912
	117,157
	162,165
	167,170
301918
	48,212
301932
	131,218
	224,226
	230,236
	241,241
	275,275
	281,282
	289,289
	321,321
	327,327
	371,371
	380,380
	395,433
	435,444
	446,490
	493,555
	557,816
	818,1037
	1039,1158
	1160,1267
	1269,1271
	1273,1434
	1437,1457
301973
	114,168
	170,173
	175,287
	290,393
	410,468
	472,520
	522,548
	550,556
	558,664
	666,726
	728,749
	751,1122
	1125,1134
	1137,1569
	1572,1576
	1578,1789
302053
	126,136
	146,161
	163,197
	199,226
	228,231
	233,270
	272,293
	295,297
	299,366
	371,471
	473,549
	568,577
	579,585
	587,595
	597,795
	797,834
	836,837
	839,839
	841,949
	953,981
	983,1244
	1247,1258
	1261,1279
302137
	193,249
	252,260
	262,324
	326,391
	393,430
	432,498
	500,632
	634,729
302265
	216,285
	287,288
	290,466
	468,473
	475,476
	480,495
302269
	6,42
	44,96
	99,124
	126,184
302300
	195,217
	219,236
	239,378
	380,405
	407,407
	409,430
	432,439
	441,535
	537,567
	569,753
	756,784
	786,792
	794,800
	803,940
	942,1095
	1097,1178
	1180,1344
	1346,1382
	1391,1491
	1496,1569
	1571,1680
	1699,1700
	1702,1716
302347
	145,151
	155,185
	189,277
	279,286
	288,381
	383,420
	422,467
	469,470
	472,509
	512,586
	588,614
	617,617
	619,622
	626,678
	681,701
302380
	152,174
	176,210
	214,228
	230,406
302391
	101,298
	300,331
	375,426
	428,448
302393
	88,161
	163,238
	240,262
	264,336
	338,372
	375,400
	402,410
	420,465
	468,490
	492,492
	495,539
	541,648
	655,656
	659,734
	736,748
	750,899
	902,915
	917,956
	958,975
	977,983
	986,1061
	1063,1349
	1351,1380
	1383,1453
	1455,1845
	1847,1877
302737
	168,168
	174,200
	202,203
	205,213
	218,298
	300,369
302831
	11,47
	81,113
302872
	188,211
	217,238
	240,241
	243,249
	251,252
	255,258
	264,293
	295,295
	297,304
	306,309
	311,320
	322,322
	324,334
	336,350
	352,417
	419,478
	480,576
	639,727
	730,743
	745,749
	751,767
	769,800
	802,836
	838,914
	916,962
	965,1131
	1133,1150
	1155,1215
	1217,1347
	1349,1628
	1630,1878
	1880,1964
	1966,2036
	2061,2339
	2341,2410
	2413,2604
302919
	98,118
	120,159
	161,166
	170,185
	188,243
	245,249
	251,253
	255,261
302925
	9,11
	13,61
	65,127
	129,140
	142,149
	151,188
	190,198
	201,373
302956
	245,245
	248,282
	284,336
	339,377
	379,403
	409,410
	412,415
	417,417
	420,487
	492,496
	498,507
	509,514
	516,539
	541,641
	644,726
	728,756
	758,772
	776,812
	814,828
	830,846
	848,926
	928,970
	972,1020
	1022,1033
	1035,1156
	1159,1203
303007
	184,212
	214,218
303079
	170,170
	172,221
	245,246
	248,324
	336,404
	407,438
303201
	47,73
	77,108
	110,168
	172,191
	193,227
	229,233
	235,264
	268,274
303208
	107,135
	137,175
	177,195
	197,214
	216,319
	321,420
	422,534
	536,564
	569,701
	704,712
	714,736
	745,799
	804,887
	889,956
	958,1055
	1057,1133
	1135,1137
	1139,1151
	1156,1195
	1197,1203
	1210,1429
	1431,1475
	1477,1479
	1481,1505
	1507,1562
	1564,1613
	1620,1628
	1630,1641
	1645,1645
	1649,1701
303264
	162,171
	173,196
	198,207
	209,228
	230,244
303266
	46,118
	120,122
	125,159
	161,201
	203,242
	244,250
	252,256
	258,262
	264,276
	278,325
	340,355
	357,398
	401,441
	443,443
	445,465
	467,572
	575,575
	577,612
	614,621
	623,669
	672,672
	674,723
	728,741
	749,801
303291
	73,154
	156,202
	204,206
	208,258
	260,334
	336,357
	359,366
	368,480
303304
	88,99
	102,229
	233,342
	344,355
	357,452
	454,483
	486,524
	526,748
	775,859
	864,872
	875,876
	881,947
	949,982
	984,1029
	1031,1102
	1118,1407
	1409,1562
303338
	219,219
	222,224
	226,262
	264,481
	483,507
	510,555
	557,571
	573,603
	606,630
	632,685
	687,1058
	1060,1110
	1112,1390
	1394,1405
	1407,1551
	1553,1635
	1637,1796
303421
	60,75
	78,170
	172,173
	175,180
	182,200
	202,229
	231,331
	336,406
	430,448
	450,497
	502,616
	618,850
	852,867
	869,904
	907,930
	935,939
	941,1024
	1026,1026
	1028,1302
	1306,1422
	1424,1488
303499
	63,120
	122,174
	176,270
	272,332
	334,413
	416,419
	421,572
	574,814
	816,851
	853,910
	913,927
	963,1169
	1171,1180
	1183,1324
	1342,1446
303560
	73,102
	104,155
	157,197
	199,246
	250,260
	262,309
	311,338
	340,340
	342,449
	451,471
	483,631
	635,683
	686,691
	694,713
	715,807
	809,888
	890,935
303638
	62,74
	76,112
	114,379
	381,402
	410,420
	423,608
	610,927
	929,1075
	1077,1186
	1188,1426
303832
	7,7
	9,261
	263,408
303846
	191,194
	198,214
	216,234
	236,264
	266,268
	270,276
	281,315
	318,330
	333,334
	337,382
	384,446
	448,467
	469,475
	478,489
	491,491
	493,522
	524,535
	537,555
	568,625
	629,653
	655,713
	716,718
	720,809
	811,850
	852,912
	916,932
	934,1075
	1077,1178
	1180,1180
	1182,1239
	1241,1358
	1361,1389
	1391,1612
	1614,1652
	1656,1741
	1743,1744
	1746,1790
303892
	56,72
	74,109
	113,160
	162,179
	181,223
	228,259
	261,305
	307,324
	326,348
	352,391
	393,395
	397,428
	430,465
	467,594
	597,633
	637,659
	662,734
	736,736
	738,742
	746,764
	766,859
	862,920
	923,1022
	1024,1055
	1057,1156
	1161,1189
	1191,1211
	1215,1253
	1260,1334
	1336,1363
	1366,1415
	1417,1466
	1468,1513
303943
	95,101
	103,157
	159,230
	232,275
	277,311
	316,317
	319,319
	321,323
	325,347
	353,366
	370,453
	455,503
	507,614
	616,618
	625,718
	721,837
	841,917
	919,920
	922,940
	946,1031
	1034,1054
	1057,1294
	1296,1380
	1388,1502
304006
	585,592
	594,621
	623,624
	626,655
	657,671
	673,807
	813,830
	833,925
304008
	90,90
	92,111
	113,235
	237,283
	285,355
	357,544
	547,560
	563,576
	578,713
	715,744
	746,768
	770,910
	912,920
	922,1044
	1061,1104
	1106,1187
	1193,1351
	1353,1415
304128
	117,134
	136,145
	151,152
	154,179
	181,207
	209,210
	212,237
	239,262
	264,288
	292,324
	326,354
	356,443
	446,464
	466,466
	471,512
	514,514
	516,665
	667,709
	711,749
	751,757
	759,791
	793,818
	820,868
	870,941
	946,986
	988,1245
	1248,1248
	1253,1435
	1634,1691
	1693,1972
	1989,2019
304178
	139,145
	147,159
	161,184
	186,186
	188,198
	200,208
	210,259
	261,268
	270,270
	272,307
	309,309
	311,316
	318,345
	348,372
	374,392
	411,455
	457,458
	460,463
	465,489
	491,496
	498,587
	589,666
	670,706
	708,708
	710,730
	732,1130
	1132,1204
	1206,1339
304198
	123,172
	174,223
	227,248
	250,304
	306,350
	360,360
	362,402
	404,411
	414,418
	423,480
	482,495
	497,508
	511,517
304211
	68,89
	91,97
	99,132
	134,142
	144,157
	159,178
	180,325
	327,331
	333,341
	343,354
304243
	96,150
	152,207
	209,307
	309,339
	341,341
	343,354
	357,366
	368,422
	424,570
	572,734
	737,753
	755,1075
	1078,1085
	1087,1135
304308
	44,96
304337
	107,124
	126,130
	132,142
	144,149
	151,180
	182,218
	220,257
	260,262
	266,270
	272,359
	362,389
	396,399
	401,414
	416,424
	426,459
	461,466
	468,492
	494,521
	523,526
	528,549
	551,627
	629,695
	697,981
	983,990
	993,1178
304409
	86,98
	100,126
	128,182
	184,232
	234,265
	267,279
	281,284
304431
	294,315
	317,363
	365,417
	419,522
	524,576
304494
	168,238
	240,274
305380
	73,88
	90,95
	97,166
	168,218
	220,277
	279,396
	398,446
	449,459
	461,500
	502,502
	504,695
	699,700
	702,755
305543
	391,418
	421,441
	443,476
	479,529
	531,740
	742,794
	797,930
	932,1029
305571
	88,89
	109,129
	131,146
305618
	194,250
	252,432
	434,448
	450,476
	478,501
	506,714
	716,821
	823,893
	895,984
	987,993
305671
	63,112
305674
	99,135
305723
	137,268
	270,281
	283,353
	356,403
	405,625
	627,708
	710,780
	782,782
	785,805
	807,818
	822,853
305727
	7,12
	14,27
	29,251
305735
	183,303
	305,451
305777
	285,382
	384,449
	451,501
	503,539
	541,572
	574,603
	605,669
	671,822
	824,844
	846,895
	897,898
	900,939
	941,974
	976,1011
	1013,1021
	1024,1099
	1101,1109
305811
	65,113
	115,291
	294,320
	322,509
	511,616
	627,634
	636,702
305920
	142,239
	241,403
	405,409
	411,460
	466,593
	595,723
306269
	114,188
	190,250
	252,294
	296,436
306278
	69,70
	72,206
	208,228
	230,266
	268,305
	307,380
	382,599
	601,603
	605,635
	637,718
	720,1079
306310
	163,505
	507,541
	543,674
	914,1009
	1012,1493
306384
	314,317
	319,360
	362,486
	488,622
	624,642
	644,752
	754,798
	800,848
	850,860
306419
	96,111
	113,234
	236,257
	259,260
306442
	327,327
	329,332
	334,380
306448
	134,156
	158,292
	294,312
	314,348
306451
	109,197
	199,268
	270,283
	285,366
	368,384
	386,409
	411,435
	437,473
	475,577
	579,595
	597,628
	630,695
	697,741
	744,864
	866,885
307126
	124,309
307195
	271,734
307259
	127,508
	742,1124
307306
	33,418
307354
	176,329
307358
	126,439
	441,940
	942,1037
307394
	110,408
	410,693
	696,981
	983,1034
307454
	184,885
	887,1130
	1132,1457
307514
	303,306
	308,350
	353,717
307539
	120,253
307569
	113,137
	139,546
	549,618
	643,924
307601
	82,82
	84,101
	103,107
	109,458
	463,559
	561,618
	620,741
307619
	131,258
307656
	172,179
	184,188
	190,190
	192,192
	194,1341
307710
	66,67
	71,76
	78,139
	141,200
	202,211
307716
	99,102
	104,112
	114,271
	273,515
307732
	86,187
	189,1061
	1063,1203
	1205,1500
	1503,1535
	1537,1566
307861
	131,142
	144,796
307935
	79,103
	105,336
	339,590
	593,673
	675,896
	898,1097
308047
	88,586
	589,1411
308084
	49,62
	64,256
	258,885
309375
	185,205
	207,231
	233,250
	252,299
	301,314
	406,453
309390
	396,876
	879,1167
309440
	80,85
	87,219
	221,249
	251,320
	322,323
	325,327
	329,329
	332,335
	337,342
	344,1150
	1155,1278
309516
	217,488
	490,598
	600,651
	653,658
	661,905
	907,1089
309640
	590,1566
309674
	54,132
	136,676
	678,687
	690,877
309759
	157,231
	233,239
	241,241
	244,249
	252,286
	288,311
	313,385
	387,929
	931,1080
310015
	191,194
310247
	442,442
	444,444
	447,448
	450,452
	454,462
	464,471
	473,475
	477,478
	481,497
310249
	196,198
	202,202
	204,204
	209,213
	216,220
	222,274
	276,444
	446,553
	591,808
	810,1313
	1315,1332
310341
	110,1046
	1048,1173
	1175,1191
310370
	141,165
310405
	619,750
	753,1023
310468
	183,478
310473
	101,336
	339,423
	425,489
	520,562
310634
	51,57
	59,102
	105,258
	260,291
	293,458
	472,771
	774,1107
	1109,1562
310691
	127,895
310738
	105,204
	206,311
	313,474
	478,502
	504,965
	968,1070
310809
	18,109
	266,659
	661,858
	860,921
	954,1045
	1090,1220
310863
	80,263
310872
	158,226
	255,553
310969
	334,449
	451,516
	518,691
	708,721
	736,741
	744,835
311071
	144,306
	308,612
311170
	113,355
	358,557
	559,1125
311244
	76,172
	174,529
	531,569
	571,580
311287
	70,259
	293,839
	841,843
	845,845
	847,927
	929,944
311321
	182,242
	244,629
	631,929
	931,986
	988,1054
311365
	153,282
	284,406
	409,698
311402
	88,267
	269,352
	355,359
	361,405
	407,588
	590,816
311473
	65,300
311481
	131,209
	211,234
	238,329
	331,885
